 Question A : Z normalized_data - Printing First three rows and last three rows
[-0.5772260242856239, -0.3368041914485564, -0.38113036657157057, 0.06275932712884387, -0.14892270622272896, 0.5410423558318863, 0.22481823665617207, -0.40584193694844817, 0.4768158700593317, -1.4978655495625266]
[-0.5109688921694572, -0.5700266569101506, -0.6485947854811062, 0.8203833993202798, 1.471775996231257, 0.5169191917792079, 0.26036418689270935, -0.490093588532945, -0.81541816118209, 0.15312459161274508]
[2.5682775623328626, 6.2058583581338205, 2.6157830551181123, -1.875883064096029, -1.7732410596034682, 2.044992083565343, -1.4785363259529194, -2.1830298639972074, 1.8892241302052721, 0.8426351291658805]
.........
.........
.........
[0.5239231811227048, 1.3817792657709385, 1.3188768656429963, -1.3053401707417562, -1.445662650732255, -0.08486440002729301, 0.5982624839227766, -0.46650869581150844, 0.10163582736411528, 0.8390033795997901]
[1.5877574574458373, 2.982781228986038, 2.4733751801765624, -1.5640810993674237, -1.324404344686005, 0.17120394915645346, -2.040596859911547, -3.0772055534557623, 2.1852598139812227, 2.870320933514552]
[3.16145935569921, 1.6799928838455036, 0.8131490482428447, -0.5072365452346767, -0.5497990463607051, -2.752843779925418, -3.5099144390457853, 1.4993007551926492, 0.9610143077284362, 1.0504423941313872]



The Covariance Matrix obtained using outer product of each centered point is :
[[ 1.          0.77051204  0.70245376 -0.63099908 -0.59814513 -0.36855649
  -0.11974713  0.01338923 -0.00877749  0.41846607]
 [ 0.77051204  1.          0.71751686 -0.60977867 -0.58114073 -0.26696092
  -0.17623422  0.03974361  0.06606138  0.33681611]
 [ 0.70245376  0.71751686  1.         -0.8508498  -0.80883501 -0.15986295
   0.09515719  0.01545474 -0.18667516  0.43704076]
 [-0.63099908 -0.60977867 -0.8508498   1.          0.97641185  0.11227223
  -0.12189934 -0.01129407  0.2352719  -0.3283323 ]
 [-0.59814513 -0.58114073 -0.80883501  0.97641185  1.          0.10015922
  -0.11876891 -0.0109656   0.22979854 -0.30462468]
 [-0.36855649 -0.26696092 -0.15986295  0.11227223  0.10015922  1.
   0.27404482  0.00255284 -0.05568862 -0.20672963]
 [-0.11974713 -0.17623422  0.09515719 -0.12189934 -0.11876891  0.27404482
   1.         -0.01719669 -0.18627459  0.03702517]
 [ 0.01338923  0.03974361  0.01545474 -0.01129407 -0.0109656   0.00255284
  -0.01719669  1.          0.00465913  0.01142661]
 [-0.00877749  0.06606138 -0.18667516  0.2352719   0.22979854 -0.05568862
  -0.18627459  0.00465913  1.         -0.22055558]
 [ 0.41846607  0.33681611  0.43704076 -0.3283323  -0.30462468 -0.20672963
   0.03702517  0.01142661 -0.22055558  1.        ]]


Covariance matrix obtained using np.cov :
[[ 1.00005258  0.77055255  0.70249069 -0.63103226 -0.59817658 -0.36857587
  -0.11975342  0.01338994 -0.00877795  0.41848807]
 [ 0.77055255  1.00005258  0.71755458 -0.60981073 -0.58117128 -0.26697495
  -0.17624349  0.0397457   0.06606485  0.33683382]
 [ 0.70249069  0.71755458  1.00005258 -0.85089453 -0.80887754 -0.15987136
   0.0951622   0.01545556 -0.18668498  0.43706374]
 [-0.63103226 -0.60981073 -0.85089453  1.00005258  0.97646319  0.11227813
  -0.12190575 -0.01129466  0.23528427 -0.32834957]
 [-0.59817658 -0.58117128 -0.80887754  0.97646319  1.00005258  0.10016449
  -0.11877515 -0.01096618  0.22981062 -0.3046407 ]
 [-0.36857587 -0.26697495 -0.15987136  0.11227813  0.10016449  1.00005258
   0.27405922  0.00255297 -0.05569155 -0.2067405 ]
 [-0.11975342 -0.17624349  0.0951622  -0.12190575 -0.11877515  0.27405922
   1.00005258 -0.0171976  -0.18628439  0.03702712]
 [ 0.01338994  0.0397457   0.01545556 -0.01129466 -0.01096618  0.00255297
  -0.0171976   1.00005258  0.00465937  0.01142721]
 [-0.00877795  0.06606485 -0.18668498  0.23528427  0.22981062 -0.05569155
  -0.18628439  0.00465937  1.00005258 -0.22056717]
 [ 0.41848807  0.33683382  0.43706374 -0.32834957 -0.3046407  -0.2067405
   0.03702712  0.01142721 -0.22056717  1.00005258]]



C. Dominant Eigenvalue and Eigenvector of the Covariance Matrix :
Eigen value :  4.223990630226981
Eigenvector :  [-0.40827673 -0.395057   -0.44892195  0.44161249  0.42923782  0.14468789
 -0.00519847 -0.01235159  0.09717505 -0.2566813 ]

Eigen value and Eigen vector verification using linalg.eig
Eigenvalue: 4.223990899412482
Eigenvector: [-0.40827678 -0.39505705 -0.44892193  0.44161246  0.42923779  0.14468798
 -0.00519836 -0.01235159  0.09717497 -0.2566813 ]

D. Projected Data Variance :
[4.223990899412464, 1.5751879016645995]


e. Covariance Matrix in Decomposed Form
[[ 1.          0.77051204  0.70245376 -0.63099908 -0.59814513 -0.36855649
  -0.11974713  0.01338923 -0.00877749  0.41846607]
 [ 0.77051204  1.          0.71751686 -0.60977867 -0.58114073 -0.26696092
  -0.17623422  0.03974361  0.06606138  0.33681611]
 [ 0.70245376  0.71751686  1.         -0.8508498  -0.80883501 -0.15986295
   0.09515719  0.01545474 -0.18667516  0.43704076]
 [-0.63099908 -0.60977867 -0.8508498   1.          0.97641185  0.11227223
  -0.12189934 -0.01129407  0.2352719  -0.3283323 ]
 [-0.59814513 -0.58114073 -0.80883501  0.97641185  1.          0.10015922
  -0.11876891 -0.0109656   0.22979854 -0.30462468]
 [-0.36855649 -0.26696092 -0.15986295  0.11227223  0.10015922  1.
   0.27404482  0.00255284 -0.05568862 -0.20672963]
 [-0.11974713 -0.17623422  0.09515719 -0.12189934 -0.11876891  0.27404482
   1.         -0.01719669 -0.18627459  0.03702517]
 [ 0.01338923  0.03974361  0.01545474 -0.01129407 -0.0109656   0.00255284
  -0.01719669  1.          0.00465913  0.01142661]
 [-0.00877749  0.06606138 -0.18667516  0.2352719   0.22979854 -0.05568862
  -0.18627459  0.00465913  1.         -0.22055558]
 [ 0.41846607  0.33681611  0.43704076 -0.3283323  -0.30462468 -0.20672963
   0.03702517  0.01142661 -0.22055558  1.        ]]


Comparing  sum of eigen values except first two and error
Sum of eigen values except first two :  4.200821198922932
Mean Square error :  4.2


F. Coordinates of the First 10 Data Points in the New Basis:
[[ 1.01654976 -0.36925645 -0.80995074  1.12162721  0.52498314  0.46510731
   0.03388353]
 [ 1.67996111 -0.54922547  0.98161468 -0.22118145 -0.13761196 -0.48799867
  -0.71280668]
 [-5.96624169  1.8313162  -1.49720548  3.72895739 -0.48762911 -3.41897421
  -1.84986395]
 [ 2.55706027 -0.03162913  0.44138683  0.03143789  0.67608057 -0.25175859
  -0.9603356 ]
 [-1.65585251 -0.55290202  0.55551247 -1.77161148 -0.87096642 -0.80381284
   0.06940903]
 [-0.80452283 -1.57572136 -0.16764975 -0.53153486  0.10124447 -0.45857728
   0.1824198 ]
 [-0.74806576 -1.19404497 -0.0084875  -0.64048741  0.2273275   0.13446004
   0.27858938]
 [ 0.64600539 -1.02760041  0.75535631 -0.47465107  0.19880914 -0.52707914
   0.11000122]
 [-3.63809698 -2.49323102 -2.15451949 -1.07040856 -0.3848824  -0.90627546
  -0.55716894]
 [ 0.56596174 -1.13679926 -0.18709999  0.53788967  0.79383922  0.61664008
  -0.46480103]]
